186
175
170
170
157
188
177
181
190
171
237
192
177
208
185
176
168
181
175
176
196
178
172
171
184
186
173
188
199
154
194
157
196
168
196
186
177
185
163
182
165
200
172
181
173
172
157
172
186
161
200
211
227
184
179
156
173
162
182
175
211
182
214
171
178
182
175
166
190
167
153
168
180
175
169
194
218
174
191
177
189
201
165
194
186
177
167
184
165
170
178
180
177
164
166
211
172
163
195
177
182
199
170
195
175
208
185
174
185
184
149
178
191
178
176
186
171
182
169
188
186
184
189
157
184
161
208
184
171
176
163
168
164
190
171
193
206
170
165
181
201
194
167
174
176
158
154
182
179
168
177
165
184
185
176
219
165
165
157
198
180
177
186
208
190
179
193
165
197
178
176
146
192
190
167
172
188
142
214
154
172
172
203
186
171
166
176
193
184
165
179
163
166
179
195
161
198
168
185
180
175
170
177
175
175
193
185
178
170
174
171
210
192
151
174
166
171
182
185
178
176
174
178
191
181
172
190
163
187
151
158
194
157
178
175
182
194
178
168
174
171
185
166
195
169
159
171
169
205
185
169
178
177
177
182
173
200
170
176
176
165
169
181
183
189
174
175
169
174
196
177
195
196
192
206
176
181
177
171
174
179
165
208
194
167
200
179
168
198
200
171
174
191
195
184
167
197
193
178
201
207
177
182
181
182
182
202
195
179
190
180
174
188
190
185
162
187
164
161
156
199
158
189
188
177
155
165
173
159
183
175
187
172
170
173
171
193
175
199
197
171
199
178
194
211
188
176
191
150
170
170
175
169
171
159
165
188
188
168
159
163
167
164
158
173
203
154
182
155
173
181
174
184
179
170
167
174
180
197
164
179
196
187
162
165
164
195
191
167
194
174
177
182
168
175
171
172
172
175
187
160
186
167
211
203
160
169
158
167
188
173
167
176
167
187
163
207
195
200
188
185
199
190
187
184
164
163
194
182
222
174
174
192
179
189
186
190
168
182
181
187
167
201
167
180
149
180
183
192
172
196
164
197
180
198
182
196
195
141
175
186
163
173
225
171
186
191
199
190
166
168
177
190
181
184
161
174
173
179
180
193
172
178
170
175
166
164
193
196
202
168
165
211
172
189
191
176
179
193
172
178
198
188
175
179
167
200
168
221
173
186
192
180
175
165
202
202
186
172
190
182
171
162
175
174
195
199
160
171
202
186
181
178
168
175
163
181
198
191
169
167
185
164
201
186
178
206
159
197
171
175
187
181
183
177
185
177
158
159
176
183
170
178
165
174
186
192
176
180
183
175
196
182
183
171
161
171
206
170
203
177
169
164
181
197
178
164
194
201
174
173
185
161
199
176
197
171
164
175
165
189
185
164
170
189
186
173
186
168
164
176
180
150
177
209
199
193
195
171
163
169
161
175
182
202
192
184
171
177
177
226
176
179
162
194
180
168
202
227
174
151
185
172
159
174
166
195
197
181
164
188
168
187
181
190
167
167
171
164
196
190
169
171
188
163
164
179
178
221
172
168
167
193
214
185
181
174
192
147
186
165
175
184
164
165
169
178
195
166
178
164
172
158
191
161
199
160
178
189
177
171
174
202
195
180
178
159
184
184
201
176
199
150
196
188
161
174
162
162
176
166
185
163
156
201
181
194
206
177
194
162
194
204
199
190
169
170
188
209
175
195
177
164
159
178
173
164
195
199
189
179
167
168
196
212
170
186
195
181
186
174
166
180
191
175
166
172
178
162
172
178
158
170
170
173
187
174
172
175
171
180
206
175
190
193
183
177
168
206
181
192
180
177
168
173
166
188
165
173
157
168
177
206
164
178
176
160
175
191
174
167
170
176
187
198
163
182
171
160
151
162
190
179
177
173
189
172
167
193
176
189
168
175
172
164
174
177
194
191
212
150
178
161
183
172
181
179
174
177
194
190
157
177
181
168
171
163
164
159
165
153
186
187
178
199
177
179
189
169
162
160
176
214
201
163
186
163
183
205
164
184
181
203
166
191
168
187
218
156
167
171
199
184
169
179
167
198
156
167
192
186
167
186
165
176
178
167
167
171
146
195
184
185
178
178
166
180
189
168
194
190
181
164
171
199
162
166
167
159
163
171
172
189
170
190
190
175
169
161
182
177
168
160
169
175
166
157
175
180
193
177
173
175
163
179
191
178
175
171
199
181
171
167
188
184
175
194
170
194
185
187
171
171
163
179
173
166
187
183
167
169
198
180
211
197
173
173
165
216
165
184
168
179
196
192
187
161
186
224
174
