19
20
34
20
28
36
32
19
28
24
20
24
26
27
23
29
32
32
28
30
32
22
23
25
22
16
33
22
24
18
26
17
33
32
26
15
29
25
31
41
27
35
21
24
20
24
26
36
23
28
30
28
23
21
32
32
20
32
26
23
20
27
36
18
29
25
23
25
25
30
36
30
26
31
18
22
26
33
25
17
24
29
36
28
30
19
57
24
34
19
17
38
18
20
26
28
41
27
25
25
21
18
27
20
28
30
31
16
20
26
23
24
21
30
17
24
22
25
31
31
20
30
35
39
29
26
41
36
26
30
28
31
30
15
36
28
22
26
42
22
26
17
18
23
18
21
32
19
29
26
35
27
34
30
28
15
47
27
19
25
21
37
25
30
24
33
42
26
26
20
37
21
18
32
33
26
27
17
23
32
27
19
29
17
35
27
25
22
33
25
23
24
26
26
29
22
27
18
39
26
23
30
24
38
21
22
30
24
25
35
37
21
19
32
29
22
25
27
29
31
27
25
31
21
21
20
31
25
22
36
28
20
18
41
15
24
30
42
22
34
27
21
19
30
33
35
30
15
23
27
39
23
42
24
33
32
22
39
32
19
25
25
31
40
28
23
25
38
44
27
28
31
22
35
19
16
21
35
36
29
22
16
37
31
20
30
26
27
17
24
43
28
58
28
28
27
30
25
25
20
25
29
21
21
20
19
25
30
27
17
40
24
26
19
21
20
31
15
47
34
35
30
37
22
14
34
32
23
19
27
20
24
23
28
23
20
28
26
17
20
42
20
62
42
37
22
20
22
26
19
23
17
37
22
14
24
20
22
23
27
20
26
36
13
24
15
20
31
30
28
19
28
24
17
28
18
20
22
41
20
37
28
27
28
18
16
22
31
24
31
28
36
26
27
38
35
20
35
22
25
26
23
24
26
35
34
27
20
16
25
24
21
33
22
35
26
29
42
24
30
20
33
29
27
25
21
25
18
30
22
23
30
27
26
18
31
19
28
29
23
33
22
22
27
27
20
21
32
35
29
28
22
26
37
23
32
24
21
21
27
17
27
32
36
36
32
36
38
25
22
25
25
24
36
27
29
19
20
19
30
28
20
24
28
22
26
22
13
24
27
29
28
27
30
45
26
38
27
30
39
16
24
26
22
23
27
20
28
20
29
24
20
14
29
34
33
15
22
34
23
18
38
29
21
32
18
32
21
27
27
24
11
35
22
21
36
17
22
21
24
31
21
13
20
40
30
32
24
29
21
21
33
31
22
34
18
24
22
41
34
30
25
26
17
29
19
30
38
38
25
41
20
22
23
35
32
22
26
43
28
27
27
25
35
25
24
30
17
18
24
30
33
27
41
27
36
26
16
21
25
20
18
15
21
31
24
29
44
29
13
22
22
29
36
30
35
24
32
24
23
26
39
29
23
24
18
36
38
33
27
42
30
27
33
21
25
20
23
52
28
28
20
21
33
19
33
31
31
29
25
17
14
38
26
24
28
22
27
30
26
26
23
27
22
31
25
29
31
31
23
34
32
24
29
32
29
38
33
26
32
26
19
26
28
17
32
38
27
25
25
25
28
18
27
25
33
34
21
31
20
23
22
25
22
20
19
44
31
23
26
22
24
26
27
22
31
27
18
35
22
27
24
22
26
31
47
14
26
17
24
30
31
20
15
25
26
29
35
33
28
23
30
45
41
34
20
22
34
29
28
14
33
31
25
44
27
34
26
29
19
25
26
29
22
33
33
22
22
27
24
44
29
29
20
28
23
27
31
32
26
23
30
30
25
30
29
31
47
37
35
22
16
26
22
30
21
15
28
36
23
24
32
20
25
23
24
23
40
23
25
22
31
25
15
23
31
16
26
31
25
25
25
39
34
24
37
35
17
25
31
19
32
14
15
33
26
30
24
18
25
24
34
44
23
25
43
32
18
35
33
26
25
25
16
22
30
26
34
30
16
33
20
19
36
31
27
41
23
31
23
18
34
50
29
26
35
21
24
24
29
32
22
31
32
28
25
20
25
23
25
27
29
34
22
38
28
27
24
31
40
19
20
25
29
19
18
29
25
22
34
31
17
26
23
32
33
23
18
29
19
28
36
32
32
27
25
28
26
23
24
19
28
28
23
37
28
20
16
24
35
24
26
29
34
27
32
25
24
27
27
29
18
21
34
17
47
29
17
25
43
29
21
29
27
25
19
21
32
16
21
20
34
20
14
29
23
30
16
24
25
38
19
24
18
29
29
26
30
38
29
26
31
32
22
16
23
28
36
29
25
