59
79
80
54
82
61
64
66
105
62
94
72
85
76
87
91
70
66
56
65
74
78
64
75
74
62
73
96
74
73
80
58
56
81
77
69
71
84
49
84
70
83
56
77
86
64
80
77
57
54
68
78
69
70
57
82
65
65
69
69
65
59
94
61
109
52
86
60
81
69
73
73
78
78
72
69
63
61
61
64
78
97
59
65
75
75
88
85
86
71
75
66
60
65
86
78
89
57
80
62
62
76
60
58
66
81
65
65
82
69
76
61
71
53
59
61
70
102
53
73
76
62
86
77
72
55
72
61
66
74
80
70
99
69
69
82
61
91
63
74
58
59
62
75
64
65
73
66
68
102
74
66
75
72
98
102
72
80
69
67
69
70
53
73
78
95
94
73
72
64
74
83
76
76
80
63
97
73
80
53
75
52
74
82
75
63
70
92
80
63
60
71
64
70
63
56
82
99
67
64
64
68
69
76
72
68
94
77
65
68
75
53
66
92
78
90
56
72
64
76
67
51
68
70
95
62
56
75
74
94
85
96
55
73
100
73
70
82
110
81
60
73
78
80
72
66
59
60
68
75
79
68
71
63
69
85
70
71
70
71
65
69
60
72
85
54
68
57
69
80
73
81
75
84
85
66
79
67
63
80
63
65
68
53
66
95
59
71
63
79
80
73
62
80
104
73
83
58
52
76
64
72
78
72
71
77
68
74
62
63
85
76
90
66
97
105
72
60
67
61
71
59
75
60
70
78
78
65
62
72
68
58
66
97
82
76
89
70
112
67
81
57
71
68
76
77
104
52
71
77
78
79
66
76
80
67
80
87
74
75
46
68
68
88
69
65
77
69
88
54
67
68
84
81
53
76
91
93
74
65
78
57
72
75
65
66
69
67
67
72
89
75
92
72
70
81
77
82
87
66
73
94
81
68
82
102
62
74
76
82
59
84
64
71
69
72
79
70
69
68
51
108
92
69
69
62
62
71
78
65
59
52
66
66
76
83
70
80
74
74
83
74
77
72
55
63
65
85
64
79
64
63
66
75
86
67
68
80
78
79
80
68
76
69
73
94
74
80
60
60
88
69
76
68
58
92
65
87
87
69
83
61
60
59
80
81
70
79
87
67
77
81
83
73
55
68
61
74
68
73
66
82
76
69
66
72
91
77
75
69
64
65
74
81
58
78
73
61
79
86
75
64
87
68
71
73
74
66
59
59
76
69
78
72
66
59
76
63
79
64
74
62
81
87
69
79
77
86
74
65
85
70
66
84
79
71
59
65
67
81
88
80
71
57
57
95
70
53
69
69
56
75
60
72
70
68
76
78
65
82
61
90
70
69
60
89
77
57
64
73
65
76
78
70
74
77
61
57
87
72
73
63
92
90
72
87
72
66
65
81
71
69
78
67
61
64
66
61
61
88
70
74
77
52
56
72
87
97
83
62
73
60
94
77
84
64
60
61
63
80
61
77
69
75
66
70
71
58
66
76
88
63
59
73
73
70
70
79
91
68
50
62
99
81
59
70
69
69
64
68
68
63
72
66
65
66
70
70
67
71
74
87
78
69
84
82
67
63
69
76
70
56
70
94
77
85
74
93
61
61
69
97
57
58
104
61
66
66
57
74
71
62
63
76
74
72
75
74
73
83
86
56
97
91
93
74
84
59
72
93
87
63
69
63
68
57
70
82
65
70
75
65
68
82
82
72
85
54
79
69
70
65
60
60
73
66
76
70
85
70
64
56
66
65
65
66
61
76
93
74
63
87
77
68
51
82
55
54
58
59
83
75
75
82
67
90
68
63
58
87
82
80
60
69
59
59
69
68
82
73
67
70
58
63
64
91
92
78
78
56
74
65
51
69
72
75
84
73
72
74
56
90
70
66
67
74
60
69
81
57
70
64
86
72
56
60
76
73
74
81
62
84
68
76
76
62
70
76
70
74
81
82
58
62
82
69
76
80
81
59
57
85
90
72
95
64
84
76
61
76
90
77
71
58
67
77
65
66
76
104
54
75
69
68
68
65
83
57
95
76
69
83
66
82
77
75
80
63
62
69
70
72
75
53
85
58
77
84
90
94
61
71
71
58
61
64
61
92
69
78
83
94
93
83
82
59
65
89
77
109
69
70
61
60
61
78
84
82
72
59
93
60
75
75
65
65
70
73
59
60
64
72
53
64
70
63
89
69
62
53
70
65
77
63
56
83
67
78
73
66
80
84
68
83
81
70
54
85
79
64
71
78
56
64
80
52
69
65
74
88
70
59
65
91
70
76
85
71
78
80
