107
141
126
133
110
120
147
111
125
142
127
104
106
109
112
154
116
136
124
129
131
108
116
140
128
104
114
110
152
116
141
129
101
113
119
126
132
130
114
108
108
124
123
136
126
107
155
126
139
116
128
115
128
117
135
106
102
121
112
128
147
128
133
124
123
124
132
135
140
122
131
118
138
119
144
138
131
119
131
115
125
127
117
122
115
126
110
118
109
133
119
162
111
144
124
120
138
115
129
108
133
124
138
113
130
119
112
111
106
114
131
124
134
126
121
122
115
138
119
140
112
118
119
120
128
123
115
134
127
127
115
134
124
124
103
150
106
134
122
126
117
120
111
128
127
146
119
117
154
124
151
109
112
125
118
127
146
142
127
113
121
107
120
141
118
140
129
129
129
114
183
122
121
105
136
112
131
121
120
106
121
127
114
108
112
127
123
119
119
134
126
120
126
141
130
123
135
111
116
159
110
138
121
115
137
119
97
166
142
139
107
134
135
106
144
120
140
124
106
130
137
122
150
132
128
122
122
105
98
111
138
106
108
123
133
115
109
106
129
132
118
109
126
132
137
113
125
113
115
117
134
105
134
110
119
123
152
122
126
144
120
122
119
130
117
144
166
134
126
111
138
124
122
136
123
108
106
124
110
117
141
121
115
120
156
149
114
110
124
138
122
101
117
109
118
108
111
135
120
115
119
124
148
148
169
115
118
126
112
116
91
132
119
170
118
121
130
147
113
120
123
163
114
127
125
112
121
138
112
128
127
119
115
132
114
115
148
118
128
126
134
120
122
147
110
122
112
121
138
107
127
111
98
137
136
126
127
110
115
110
124
129
133
152
112
109
95
125
115
157
108
138
112
114
127
119
120
131
144
112
112
131
143
106
113
109
115
139
126
148
142
114
103
112
121
119
134
111
113
117
117
140
124
111
135
128
115
110
97
114
134
119
119
119
122
144
101
112
135
145
119
148
91
121
131
98
119
134
157
103
126
126
110
133
140
136
112
124
149
138
134
118
111
120
113
111
111
123
127
132
107
133
115
107
128
121
137
109
121
112
112
152
146
116
128
134
164
106
128
135
150
115
140
127
111
117
113
116
117
147
115
109
117
133
115
108
155
126
160
134
125
108
150
107
105
114
120
98
115
117
112
128
124
105
108
128
113
121
144
128
114
129
112
164
126
125
120
117
128
117
125
123
116
104
130
118
132
112
146
121
129
133
136
145
131
151
130
99
134
129
121
131
107
120
100
117
113
160
139
125
129
129
131
121
138
129
136
121
161
119
128
131
135
131
109
133
125
129
123
143
133
109
125
126
122
120
116
108
105
124
128
102
104
127
158
109
113
115
131
114
141
127
114
110
126
130
122
130
142
112
134
118
129
116
107
148
131
134
122
126
145
132
133
124
112
141
116
124
132
118
114
126
114
123
116
124
142
110
136
100
124
166
116
106
126
114
111
134
122
112
124
130
129
127
102
115
124
126
119
115
118
137
120
127
119
123
133
121
117
128
119
115
130
140
115
134
111
119
134
146
119
119
133
128
100
128
134
122
133
110
141
107
112
122
122
123
128
123
124
130
121
128
127
133
130
132
124
131
126
148
117
120
118
147
113
122
129
129
122
126
116
115
154
117
116
122
127
118
126
114
157
122
119
129
134
112
125
117
127
131
111
127
118
119
111
134
115
104
111
109
116
101
138
112
134
112
125
117
120
107
142
131
117
136
129
115
123
119
120
132
109
120
127
131
122
120
146
117
109
126
104
143
98
139
112
112
126
114
119
125
122
117
123
120
111
119
116
110
117
122
129
141
122
111
127
139
123
95
103
107
120
136
117
103
106
111
116
118
120
125
111
142
162
119
146
111
130
134
120
101
118
121
133
114
137
131
125
112
123
129
181
117
124
118
136
140
135
122
126
107
144
134
122
127
118
120
132
108
101
129
121
110
127
129
126
141
117
120
111
93
109
119
130
112
110
130
126
111
152
130
113
134
142
132
121
127
149
134
104
118
125
119
133
136
133
124
129
124
110
136
124
146
128
105
110
143
149
109
143
120
123
119
138
152
124
112
119
145
121
165
116
136
133
160
119
158
123
112
118
113
116
132
150
134
130
114
123
122
137
103
136
128
134
116
137
126
98
120
122
128
114
117
113
148
142
132
129
136
128
140
125
136
121
169
121
118
122
127
138
128
111
128
109
113
121
116
123
120
115
103
123
135
120
129
107
123
108
117
133
124
121
143
121
120
124
138
116
138
108
127
123
109
119
128
124
130
102
135
128
139
