78
92
96
84
112
110
116
66
112
102
84
96
114
98
94
82
90
102
116
112
128
90
120
118
84
78
134
92
98
72
86
58
96
126
106
60
102
78
112
90
94
120
108
116
86
96
88
110
98
118
128
112
110
90
122
100
100
104
92
102
76
108
100
90
116
102
118
108
86
72
106
110
132
100
72
70
114
112
118
78
102
100
122
80
124
94
132
88
108
82
82
102
92
84
92
102
112
104
66
120
106
84
114
86
100
92
96
64
68
104
92
94
88
112
68
80
102
102
114
134
76
88
112
118
86
104
102
100
118
102
100
102
82
60
94
100
120
92
114
100
104
100
88
114
98
84
138
78
114
80
110
108
112
108
108
70
116
106
74
104
96
122
98
104
66
108
118
104
78
90
118
80
80
104
86
80
132
70
98
112
72
96
112
90
114
92
114
64
126
82
134
100
80
100
94
106
96
84
114
106
76
116
64
114
92
106
92
102
90
120
126
84
78
110
88
92
98
92
110
100
104
140
138
96
100
86
110
90
92
122
116
76
92
156
80
82
124
112
94
110
106
86
68
112
100
90
108
80
102
98
106
104
120
108
108
110
108
124
102
94
106
98
122
130
90
82
118
110
100
116
106
98
100
102
94
56
108
100
112
94
104
88
106
100
110
108
92
86
102
104
100
116
118
98
124
102
124
106
88
98
102
98
104
78
84
86
62
128
96
94
126
108
94
98
114
80
102
60
142
86
140
82
148
86
80
124
96
80
108
114
74
120
96
116
80
88
76
86
78
102
120
78
148
114
102
84
96
94
86
82
92
90
126
104
78
104
82
102
80
130
76
114
126
62
92
64
104
114
104
106
106
128
112
98
106
96
100
88
128
84
102
104
88
96
104
70
114
86
108
76
126
108
76
110
98
120
90
110
86
102
84
124
94
104
122
126
106
102
80
120
94
84
98
94
108
102
104
116
96
102
84
90
82
76
86
94
92
92
118
94
118
102
130
68
94
122
70
86
86
100
114
100
80
100
106
94
78
100
90
100
90
92
98
84
76
86
78
100
96
136
82
92
118
112
112
100
114
120
100
96
88
88
134
100
110
102
100
90
92
78
84
88
84
104
74
106
96
72
116
82
96
130
106
112
114
124
108
104
104
110
92
106
96
98
90
82
102
98
88
124
98
108
68
100
104
136
50
98
122
102
76
98
110
100
128
90
112
106
112
90
128
66
96
118
84
112
72
82
98
126
122
94
68
82
112
100
92
94
110
68
78
80
102
84
132
84
100
90
118
100
112
110
108
70
108
104
68
114
110
82
114
86
104
92
108
122
70
106
112
94
90
96
112
106
86
108
90
74
86
94
116
116
108
106
78
94
94
82
108
100
62
88
72
84
116
82
108
138
114
76
80
92
88
118
124
112
74
94
102
82
102
122
98
124
86
96
122
112
92
76
100
102
100
100
78
110
76
90
134
80
114
110
98
100
96
102
120
110
86
96
80
78
120
126
124
98
86
88
92
98
102
100
118
108
98
90
96
110
92
88
72
112
86
96
116
138
94
140
82
116
76
98
108
94
74
92
110
120
92
88
118
106
92
114
108
82
100
80
90
70
98
64
102
100
98
74
126
102
92
116
96
90
84
78
86
100
94
104
108
70
124
94
94
100
112
122
82
120
88
86
94
110
70
66
100
86
78
112
130
106
120
110
108
136
126
90
94
94
102
96
80
110
116
126
126
108
110
84
126
86
102
102
104
94
102
118
90
96
90
82
144
84
102
82
104
98
106
94
106
118
102
82
108
88
102
88
94
120
116
104
114
94
120
94
116
76
62
86
122
90
78
86
64
96
108
116
78
118
84
106
82
124
108
64
90
94
92
116
114
86
76
96
110
110
100
120
116
84
86
102
104
104
66
84
120
102
116
70
100
76
108
142
126
90
90
116
104
60
102
116
98
96
114
80
88
86
80
146
96
80
96
88
82
116
120
84
136
98
114
116
96
94
136
102
94
98
76
66
106
84
106
118
110
132
102
82
70
88
68
92
110
130
134
70
114
84
112
100
88
110
88
86
84
120
88
100
98
104
94
94
96
92
106
80
130
106
114
88
86
86
114
90
98
108
80
114
96
80
74
120
92
120
96
82
102
96
102
88
74
102
108
92
80
122
84
114
128
90
94
100
122
108
72
106
68
108
104
78
108
112
94
94
116
100
100
78
104
102
76
96
82
138
86
68
88
72
92
60
102
78
102
78
76
82
110
94
102
78
124
132
96
110
116
88
84
112
90
104
110
124
