1010
1124
1098
1116
1190
1078
1026
1088
1070
1106
1112
1170
1118
1046
1140
1112
1094
1094
1088
1004
1128
1132
1046
1060
1160
1018
1116
1166
1170
1140
1110
1068
1028
1098
1148
1088
1184
1084
1062
1112
1022
1084
998
1024
1044
1132
1044
1108
1072
1084
978
1104
1058
1070
1054
1158
1096
980
1026
1060
1068
1006
1142
1054
1008
904
1130
1090
1142
1102
1062
1040
1002
1138
1098
1194
1102
1144
1098
1092
1104
1136
1112
1046
1030
1090
1100
1120
1052
1112
1088
976
1018
1012
1050
1134
1048
1028
1048
1054
1160
1030
1020
1058
1126
1072
1188
1132
1074
1052
1168
992
1116
1048
1034
1048
1080
1030
1004
1080
1024
1068
1082
1176
1238
1094
1082
1118
1032
1154
1156
1122
1182
1100
1116
1096
1048
1056
1094
1144
1128
1068
956
1052
1020
1008
1192
1016
1072
1088
1138
1064
1044
1134
1104
1240
998
1108
1124
1124
1086
1140
1070
1114
1074
1102
1118
1140
1194
1050
1148
1144
1154
1160
1102
1014
1096
1220
1072
1042
1126
1082
1140
1124
1052
1020
1092
1162
1080
1056
1116
1030
1092
1050
1052
1052
1132
1188
1050
1046
1056
1028
1102
1150
1074
1104
1082
1090
1048
1168
1150
1040
1000
1104
1022
1092
1030
1152
1110
1082
1108
1078
1154
1112
1124
1068
1034
1054
1028
1158
1124
1064
1054
1084
1120
1092
1102
1118
1074
1166
1046
1076
1086
1176
1068
1162
1016
992
1066
1142
1020
1084
1146
1162
1106
1108
1056
1138
1104
1138
1134
1130
1184
1150
1176
1082
1146
970
1018
1016
1116
1058
1080
1100
1162
1108
1052
1154
1138
1124
1052
1144
1018
1122
1078
1146
1012
1076
1076
1098
1084
1142
1088
1156
1076
1088
1018
950
1028
1110
1020
1160
1128
1120
1148
1142
1062
982
1212
1112
1036
1092
1038
1118
1086
1072
1192
1068
1098
1088
1178
1062
1186
1048
1048
1094
1104
1070
1008
1040
1136
1036
958
1210
1160
1168
1204
1078
1136
1040
1096
1030
1034
1120
1062
1128
1124
1048
1114
1068
1114
1142
1070
1090
1040
1190
1152
966
1132
988
1108
1082
1108
1130
1056
1048
1082
1066
1112
1066
1124
1082
1098
1070
1060
1076
1204
1244
1128
1090
1032
1034
1134
1094
1132
1078
1094
1094
1012
972
1176
1088
1150
1114
1122
1074
1096
1150
1072
992
1120
1170
1120
1196
1138
1136
1100
1036
1182
1014
1046
1240
1172
1038
1028
1098
1006
1112
1094
1054
972
1132
1142
1114
1210
1062
976
1180
1150
1088
1136
1030
1150
988
1036
1068
1114
1028
994
1098
1144
1148
1116
1034
1106
948
1048
1120
1088
1024
1054
1032
1158
1184
1118
964
1062
1166
1118
1116
1138
1154
1050
1092
1018
1146
1064
1112
1076
1098
1074
1102
1060
1120
1152
1136
1144
1110
1086
1126
1136
1076
1078
1064
1254
1038
1090
1074
1158
978
1044
1158
1158
1064
1072
1064
972
1028
978
1040
1172
1140
1182
1046
1130
1086
1054
1116
1094
1126
1086
982
1140
1198
1004
1162
1072
1104
1106
1028
1196
1066
1070
1178
1124
1064
1218
1054
1002
1054
1060
1042
1052
1076
1018
1038
1060
1014
1078
1026
996
1116
1192
1164
1176
1064
1048
1108
1032
1014
1134
1002
1048
1096
1094
1134
1062
1032
1026
1104
1142
1168
1178
996
1050
1096
1012
1086
1076
1070
1014
1062
1080
1014
988
1066
1046
1134
1182
968
1104
1158
1060
1162
1150
1042
1138
1112
1106
1130
1040
1136
1156
1028
1074
1106
1124
1012
1130
1008
1084
1020
1090
1070
1074
1108
1128
1020
1068
1116
1068
1074
1182
1030
1040
1116
1068
920
958
1140
1026
1106
1114
1098
1006
1106
1054
1184
1090
1222
1130
1184
1114
1044
1014
1142
1058
1044
1108
1068
1144
1140
1078
1048
1110
1050
1214
1148
1020
1196
1106
1184
1072
1096
1158
1092
1100
1140
1114
1076
1038
992
978
1146
1058
1134
1018
1240
1224
1188
1070
1146
1044
1008
1082
1090
1150
1054
1058
992
1096
1036
1180
1122
1168
1036
1038
1106
1076
1080
1022
998
1082
1192
1066
1020
1182
1112
1088
1108
1124
1138
1012
1002
1098
1062
1206
1064
996
1038
1172
1060
1044
1084
1098
1120
1116
1066
1080
1094
1108
1084
1202
1032
1100
1118
1092
1032
1150
1020
1160
1102
1140
1054
1074
1038
1104
1114
1098
1056
1104
1164
1082
1094
1118
1128
1118
1022
1196
1028
1104
958
948
1006
1038
1186
1140
1214
1082
1040
1094
1062
1058
1082
1048
1040
1032
1156
1130
1150
992
1112
1126
1088
1032
1246
960
1072
1018
1028
1040
1056
1150
1092
1140
1010
1066
1140
1112
1238
1222
1066
934
1056
1062
1070
1032
1028
1180
1098
1074
1150
1094
1086
1080
1218
1164
1070
988
1048
1134
1050
982
1070
1074
1136
1076
1102
1102
1030
1032
1022
1192
1246
1058
1262
1044
1132
1108
1160
1088
1060
1114
1088
1024
1074
1106
954
1102
1128
1096
1168
1112
1028
1086
1082
1002
994
1052
1110
1124
1120
1084
1098
1144
1112
1052
1072
1256
1046
1070
1160
1062
1068
1048
1066
1134
1062
1052
1108
990
1174
1044
1044
1076
1066
1038
1100
1236
1088
1012
1130
1138
1044
1076
1014
1138
996
1038
1146
1106
1162
1074
1054
1116
1184
1102
1078
1052
1102
1168
1072
1078
1050
1058
1150
1082
1148
1088
1168
1122
1092
1072
1012
1156
1066
1094
1150
1064
1054
1064
1062
1184
1168
1114
1018
1068
1100
1128
1134
1040
1116
1116
1136
1058
1144
1054
1042
1022
1056
1158
1112
1118
1068
1116
1076
1134
1022
1094
1114
1140
1088
1026
1072
1082
1076
1100
1078
1058
1012
1018
1014
1088
1008
960
1032
1030
1102
1066
1068
1146
1144
1182
1046
1204
1184
1080
1166
1144
1104
1014
1164
1060
1082
1098
898
1080
1094
1002
1182
1056
1020
1128
1130
1114
1146
1140
1052
1102
1038
