10636
11140
10750
11244
10950
10964
11388
11076
11112
11016
10994
10670
10972
10746
10814
10798
10988
11086
10780
10990
10938
11298
11088
11418
11070
10836
10890
10996
11198
10862
11062
11192
11210
11112
10852
11204
11066
10972
11156
11106
10762
10974
11102
11208
11030
10834
10650
11168
10682
10794
11026
10638
11142
10764
11118
10846
10754
10870
11202
10890
10796
11144
11152
10938
11032
10910
11112
10836
11048
11104
11006
10872
11214
11082
10948
10640
10926
11236
11118
10952
11148
11024
10806
10774
10726
10980
11332
10934
11182
10944
11348
11156
10846
10798
11084
11026
11134
11056
10968
11218
10918
11202
11022
10846
10950
10962
10988
11084
11000
11190
10966
10998
10960
10784
10860
11224
10850
11084
11256
10950
11180
10918
10962
11056
10742
11012
11038
11152
11162
10746
10866
10836
10918
11040
11052
10670
10970
11296
11068
10702
11090
11016
11390
11108
11008
11254
11028
10774
10978
11116
10984
10930
10966
10938
10884
10816
11378
10724
10788
11056
10844
10986
11024
11084
11146
10784
10766
11212
10700
10702
11096
11022
11204
11038
10820
11136
10986
10668
11166
10634
10858
11060
11110
10868
11146
11162
11086
10996
11124
11046
11182
11202
11036
11056
11158
11076
11052
11038
10956
11510
10554
11184
10990
11212
10986
10918
10572
11274
11014
11154
10640
11042
11076
10844
10816
10982
11034
10986
11108
10942
11222
10714
11226
11190
11252
11328
10958
10758
11024
10920
11338
10974
11136
10918
10860
11012
10856
10972
11092
10864
11028
11170
10866
11096
10852
11124
11032
10964
10780
11098
11204
10942
11058
11368
11292
11012
11036
10950
10874
11352
10816
11224
10964
10726
10860
10914
10856
10662
10556
10972
11110
10936
10978
10942
10900
10806
10988
10976
10936
10898
10904
10806
10988
10992
10958
10978
11324
10858
11100
10858
10966
11176
10932
11066
10836
10924
11012
11006
11018
10926
11132
11084
10876
10838
10978
10950
10816
11112
11092
10940
10822
10922
11444
11054
11046
10724
11034
11090
10836
11362
10998
11020
10688
10938
10796
10996
10880
10870
11234
10880
10738
10948
11370
10942
11086
11304
10808
10840
10878
10788
11170
10960
11206
11104
10758
10808
10914
11204
10914
11120
10930
10782
10726
10812
11134
11060
11020
10598
10626
10764
10596
11278
11202
10572
10974
10990
10762
11182
10892
11068
11178
11146
10782
11084
11126
11142
10598
10892
10772
10940
10816
10948
10742
10996
10984
10840
10824
10706
10940
11054
10912
11178
10926
11146
11020
10844
10882
10956
10826
10884
10754
11296
11178
10728
11206
10930
11162
11156
11220
11070
11274
10802
10778
11148
10750
11120
10860
11312
11124
11102
11180
11154
10996
10680
11100
11192
10860
11420
11226
10866
11308
11154
10910
10542
11046
10744
10638
10976
11362
10890
11086
11210
10974
11018
10828
10914
10932
10922
11174
11450
11176
11244
10864
11398
10928
10956
10802
10980
11074
10824
11186
11118
11576
11014
10884
11374
11134
11204
11078
11246
10994
11144
10934
11074
10984
10798
11102
10806
10842
10968
10968
11010
10828
10958
10950
11044
11120
11030
11026
11070
10934
10604
11406
10974
10978
11098
11134
10628
10910
10884
10996
11112
11110
11148
11242
11118
10918
10862
10788
11060
10724
11120
11062
11180
11134
11012
11102
10910
11130
10786
10772
11002
11532
11054
10896
11066
10858
10894
10896
10816
11038
10946
10848
10798
10800
10814
10878
10758
11386
11396
11206
11124
10796
11170
10744
11058
10770
10944
11006
10770
11194
11322
10690
11050
11024
11008
10944
10952
11028
10934
10630
10854
10772
10862
11322
10852
11044
11316
10862
11182
11094
10710
10854
11158
11222
11320
10788
10918
10932
11164
11014
10776
11050
11178
11238
10904
11250
11118
10888
11086
11040
11256
10984
11122
11086
11252
11066
11006
10806
11120
10984
10894
10824
11114
11000
11018
10750
11354
11066
11048
10816
10822
11132
10924
10678
11174
10870
10952
11022
10822
10784
11264
11196
10974
11190
11098
11186
10838
10786
10832
11170
10954
10760
11004
10782
11110
10778
10594
11396
11134
10916
10626
10976
10904
10418
10862
10848
11026
10938
10978
10930
11234
10876
11134
10626
11190
10916
10896
10854
11180
11082
11072
10944
10976
10916
10618
11078
11290
10854
11070
10860
11116
11080
10910
11094
10818
10942
10908
10932
10872
11058
10704
10738
10812
11016
10920
11196
10962
10814
11026
10886
11044
10906
10984
11356
10908
10906
10700
10728
10830
10940
11010
11348
10994
11110
10926
10688
10848
11438
11190
10850
10966
11034
10852
10922
11122
11226
10924
10666
11092
11238
11112
10972
10956
11192
10910
11150
10852
10838
10648
10998
11152
10718
10864
11300
11070
11092
10820
10632
10994
10892
11152
11092
11002
11070
10894
11210
11230
11298
10906
11344
10938
11304
11102
10604
10890
10850
10856
10524
10828
10966
10828
10770
10876
11296
11354
11040
11084
10972
11166
10706
10952
11012
11058
10778
10814
11102
11196
11186
10620
11002
10962
10946
11236
11190
11178
10926
11032
11096
11044
10792
11068
11020
10748
10716
10906
10988
10900
10902
11206
11264
11504
11082
10724
10970
10564
10734
11104
11050
11162
10918
11138
11028
10632
10862
10928
10834
11138
10934
11090
10970
11016
11190
10950
11166
11164
10848
10850
10954
11120
11006
11002
10728
10842
11134
11348
11102
11092
11180
10772
11038
10964
10762
10866
11026
10718
10880
10752
11148
11276
11142
10928
11140
10736
10912
10962
10938
10714
10962
10808
10736
10874
11124
11356
10982
11038
11188
11310
11284
11358
11112
10788
10910
10780
10928
11150
10958
11268
10980
11312
11006
10888
10704
10992
11138
10756
10844
10826
11202
10868
11064
11084
11306
10984
11068
11054
10990
10980
10876
10798
10898
11224
11288
11258
10674
11290
10614
10890
10802
11152
10732
10958
10976
10958
11100
11088
10956
10834
11468
11086
10914
11018
10928
10888
10738
11174
10716
10634
10818
11084
10910
11348
11112
10890
11050
11428
10706
10980
10862
11256
10854
11058
10850
11128
11082
11118
10808
11014
10756
10958
10734
11008
11272
11044
10876
11144
10910
10774
10944
10888
11166
10764
10884
10622
11040
10658
11006
11244
11244
11026
11010
11114
10958
11196
10926
10818
10882
11098
10892
10862
11320
11092
10842
10988
11002
10728
10860
10908
10986
10760
10910
10908
11450
11044
11042
10738
10986
10926
11080
10708
