110712
110988
109030
110390
108972
108692
110474
110036
109704
110114
110732
110064
110324
110016
109406
109538
110506
110204
110780
110368
109912
110464
110380
110230
109698
109782
109564
109702
110316
110052
110644
108978
109172
109744
110292
109592
110440
109388
109972
109686
109102
110426
109530
109860
109708
110266
111000
111136
110858
109024
109392
109352
110920
110300
109936
109412
110092
110106
110000
109542
109892
111388
110360
109598
110570
110212
109914
109854
110086
110386
109172
109132
108816
109894
109904
110168
110230
108858
109780
109612
110412
109836
109526
111334
110378
109146
110074
109164
110360
109954
110508
109978
109330
110608
110666
109792
109262
109352
109514
110592
110440
110638
110090
110092
109438
110388
109428
109644
108820
110378
109584
110386
109934
109426
108380
110836
110416
110290
110158
109212
110042
109972
109530
110276
109812
108954
110700
110206
109680
110558
110480
109886
110310
110028
109554
108708
109994
109888
109282
110190
110744
110958
109394
110354
109592
110504
108840
109110
110028
110212
110294
109340
110076
110356
109752
110182
110302
110896
109800
110358
109896
109988
109376
110222
110020
110076
109756
109712
110284
110376
110524
110248
109648
110392
109688
110684
110194
109968
109876
110436
109892
109762
108950
109710
110260
109654
109758
109910
110890
110472
109284
108508
109460
109826
109814
109960
110408
109988
110282
108778
108768
109788
109142
109756
109696
110746
109944
109630
109192
109538
110978
110084
110562
110172
108670
110588
110002
109306
109770
110478
109956
110500
109682
110636
110216
110368
110682
109060
110482
109328
110610
109528
110526
111232
109866
111278
109964
109736
110362
110734
109202
110156
110718
110640
109254
110900
109838
110580
111166
109288
109564
109860
109830
109892
110046
110526
109824
109176
109372
110308
110272
109966
109880
110696
110512
109970
109856
109672
109822
109908
110478
109804
111300
110100
109214
110520
109770
110240
109898
109088
110114
109848
109510
110816
110260
109374
110616
109520
109556
109032
109448
110154
109068
110270
110198
110380
109768
110414
109500
109728
111098
111898
109488
110504
110866
110252
110242
110682
109520
109708
109602
110146
109424
109304
110198
109362
109918
109938
110700
108884
109752
109202
109470
109812
110596
109976
109468
110180
109376
109062
109934
109804
109156
109956
110514
109686
109706
109944
109778
110280
110496
110018
110152
110888
110502
109584
110814
110428
109770
111458
111080
109900
110772
109856
109562
110408
110136
110580
111084
109514
109190
110038
109644
110096
109674
110584
109556
110866
109944
110390
109974
110578
110188
108478
110656
110490
108884
110314
110788
109376
110416
110882
110234
110330
109602
110182
109830
110082
111070
110454
109444
110116
109802
110484
110484
109596
110138
109682
109312
109570
109912
110238
109862
110358
109744
110770
109502
109684
109828
110140
109668
109698
109092
109514
109584
109530
109596
109912
110722
109158
110284
109680
109626
109730
110126
111024
109050
110014
110396
109778
109934
110322
109962
110670
110566
110386
110262
109080
108630
110618
109504
109606
111084
109870
110366
109758
110286
110192
110496
110634
110494
110354
110746
109842
109916
110178
110314
111056
109744
109960
110250
110120
110342
109458
109888
110214
109302
111144
108496
109288
109842
109146
110212
110326
109426
111020
109794
109662
110956
109314
109982
110254
110206
110698
109982
110880
109898
109850
110154
110200
109768
108812
109588
109708
110574
112012
109906
109228
109842
110830
110422
110218
110704
110568
110868
109670
109952
109598
109434
109922
109728
110116
110532
109096
109908
110874
110692
110232
109486
110892
109906
110372
110406
110676
110592
110028
111206
109994
111356
110748
109948
110234
110274
109476
109518
110524
109344
110768
110344
111188
111058
108924
109844
110030
109608
109384
108996
110164
111188
110254
109972
109970
110480
110434
109650
109568
110730
109876
110000
109830
109766
109642
109926
110728
109896
110516
109772
110968
109508
110552
110422
110770
109618
110762
109318
108848
110568
110604
109658
110964
110420
110892
110536
109546
110482
109478
108546
109316
108910
109210
110534
109484
109858
110416
109716
109296
110378
110140
110102
110518
109502
110078
109452
109410
110012
110790
111498
109978
109914
109416
110374
110180
109954
109488
109618
109640
110014
109262
110216
109934
110438
109722
110126
110932
110586
111478
110762
109852
109658
110630
110486
109908
109342
109550
109522
111194
110864
109412
110238
109992
109798
109940
109646
110106
109818
110330
109814
110480
110638
111032
109356
109410
110052
109294
110484
108348
110182
109870
110530
110298
109622
109500
111288
110132
110346
108834
110022
110166
110464
109642
109224
110578
109462
110284
109794
110356
110182
109320
109824
110596
110038
110318
110120
110398
109320
108582
110848
109646
109806
110262
110366
110144
110452
110930
110830
109720
109950
109768
110400
109404
109382
110508
109838
110256
109452
109270
110698
110576
108744
109474
110516
109710
109236
110242
109588
109264
110394
109872
109784
109592
110434
110624
109410
109144
110480
109600
110386
110418
109912
110484
109262
110354
109628
110348
110394
109258
109816
109790
109064
109144
110464
110304
109602
109548
110472
110548
110556
110072
110308
110146
110610
110026
109132
110950
109966
109588
109970
108982
109478
110254
109472
109186
109686
109494
108524
110092
110034
109134
109544
111090
110440
110470
109724
110238
109800
109792
110338
110974
110012
108860
110498
109602
110320
110174
110388
110148
110644
111178
110184
110582
109882
109780
110128
110110
110790
110162
109648
108902
109358
109624
109112
110122
110096
109808
110456
109010
111506
109612
109900
109640
109888
110118
109928
109588
109744
110120
109584
110882
110562
109934
111384
109832
109756
110068
109152
109992
110300
110146
110976
109738
107826
109946
110300
109262
110020
109288
109258
109468
110470
109622
109248
109224
110186
110562
109206
109066
110384
110334
109682
109832
109312
109826
109192
110658
111284
110742
109892
109248
109676
109474
109934
110338
109620
110936
109134
110502
110496
109280
109294
109666
110210
110146
109976
110334
109786
109140
110992
109154
109836
110266
109918
110594
110892
109252
109590
110264
108888
109014
109642
110516
110214
110042
110338
109294
110286
110248
110030
109428
110474
109902
110410
110186
110274
109538
110120
110266
110310
110384
110546
109904
109570
110304
110274
109890
109908
109976
109228
109774
109164
109596
110160
109930
109652
110062
109100
110574
109920
109806
110304
109672
109390
109474
110098
110116
109432
111120
108436
110256
109590
109856
110730
109704
109880
109600
110088
110242
109664
109874
109968
109978
110248
110042
110672
111140
108286
109306
110076
109676
109160
110096
110158
109494
109764
110256
109900
109928
109256
110114
109922
109750
109930
110220
110136
108518
109514
109998
110218
111078
111056
108950
110352
110622
110218
110238
109532
109764
108914
110302
110710
109952
109860
109790
109182
109742
109952
110206
109734
109790
110246
110478
