115028
112236
122008
136538
112134
130844
161970
96978
138562
138974
107188
109128
99868
130448
128334
169812
129074
116480
129960
101546
112290
110412
108492
161386
132454
103934
107618
104570
165566
128860
135932
112260
139596
89574
129884
142534
110910
140150
102414
98844
102790
96554
116494
121908
122592
95276
145478
119896
129800
115856
132178
140226
110518
113380
125460
94942
104292
113666
102388
109800
117094
123332
118192
126900
126154
102184
119094
121328
133464
128712
119162
114466
160226
145218
166466
119918
124846
118584
98930
113768
148396
122622
127618
112900
99634
151554
128066
104574
104236
112298
142924
168612
102012
175554
96230
100806
133326
125910
117508
118984
132306
123400
125050
118758
141112
120924
120246
104730
108382
103520
123348
122268
105228
115728
120408
109704
130618
141954
125096
121882
123250
112718
136646
117204
104532
130130
117984
129124
95062
117764
101184
124222
148964
128438
90422
124444
93420
118222
122726
145962
113030
106460
101582
127874
124504
160474
133486
102878
134798
141362
141318
106702
114186
94650
131728
146372
129326
147814
111762
122906
106770
113472
122484
118110
132920
139412
125312
124918
140954
96626
170808
152548
147006
105778
141960
104338
137266
119294
115794
131476
110532
118120
111676
96210
106626
120252
119130
121522
121880
112110
115942
98110
107124
120570
126420
115404
103808
133204
131580
160746
108760
137486
123226
104592
133024
110600
96404
177348
134460
139912
119426
135838
133446
106628
150636
130564
137024
113570
107226
120516
108776
106220
152224
119502
119146
123648
142670
111670
94482
99002
110658
109928
103670
115332
115960
132262
107434
112136
119340
104486
110604
139758
104356
115624
141754
98086
130332
104836
139226
108310
147676
116772
130238
113596
97568
120358
158286
127714
148400
141294
112996
118994
154368
119020
99716
127596
149906
116626
128900
125662
113010
113336
114880
132872
116092
96478
98312
112890
123240
131224
128664
142838
108376
109630
143268
118930
112680
102468
113232
115682
108836
99298
118442
119388
128810
90964
100746
160510
143462
115220
101138
104140
156762
161710
171300
119380
119956
120040
111570
111954
97084
135918
108962
147014
107942
109100
131448
133368
135258
105942
130308
191390
108752
107056
94886
120174
129580
108796
104982
121186
101562
122850
111396
116446
124348
114546
128064
118012
119400
128152
138798
123358
124394
137840
107614
105504
139596
135912
131840
107738
122352
92946
109970
140050
131424
137410
110626
103830
102354
124710
112314
123816
129008
149676
113030
117142
89984
137592
83900
135056
103978
145982
126124
118820
115136
109414
116550
113152
145236
108790
118176
121538
129276
97062
123058
103134
106116
157646
133310
154148
143808
115780
92326
114316
127076
107238
121380
117776
98568
102054
144464
125776
133878
136424
129692
108534
96454
118090
110954
115500
109162
111104
108600
115130
110936
138560
85962
115720
135300
119664
128034
141322
104366
101208
119862
108346
115500
140186
136484
99882
128068
114322
123614
96586
141718
163090
94806
119240
179728
130626
124098
125052
131170
92606
113398
101596
97726
118332
136560
110542
117406
110202
88532
123770
111624
126358
116630
88950
107914
97692
125398
135356
147128
135980
151114
102010
165380
104460
108994
115302
145944
101238
145208
148038
117726
103810
109278
108674
98532
144792
150442
100638
109754
125192
103638
110314
108836
131754
148542
107250
123658
98782
140014
103824
99382
101334
93336
89388
112442
123620
103398
113066
118330
92278
124724
134362
98848
125222
173718
107764
100608
111814
83732
161976
119506
110290
124090
115420
144438
140558
97822
116128
117192
94882
132444
134850
119882
131422
141916
118474
129858
124078
112588
130888
141138
159732
122602
83980
113976
104440
121178
160598
132884
105466
106340
118354
93954
156666
144724
114482
139796
138498
122786
121484
146262
106576
111820
116774
158950
127912
143502
121108
151382
105868
106838
124704
113038
119250
109248
147594
131546
98812
121476
129386
110144
143180
106364
104302
98552
133290
110708
113698
98068
139444
117036
104260
127838
115038
142288
114528
155482
121938
117836
108578
100890
141510
104852
126338
111052
107864
110912
101724
120514
118632
105342
125030
112430
150250
150054
128080
191604
119376
134248
116964
98032
133458
111434
145434
150492
111672
128094
133046
124280
120704
97182
99256
142518
109226
136556
115454
113054
145206
114426
126642
134062
133450
120460
121428
125352
125338
120706
112722
99672
120898
109908
121008
105188
123518
90544
118352
91764
102754
100652
131676
132246
124710
134342
119474
124714
105114
129844
100014
133676
164152
107068
117918
105614
115578
127840
123764
113910
99120
145170
115116
109352
112004
106000
128862
135610
113944
143828
114134
119526
131028
136060
116960
127882
117764
97474
111774
116208
103142
113896
142474
113750
122090
125332
105072
127770
155732
105148
88968
129760
140172
113208
125296
110848
130998
124488
132918
116350
113274
160528
101894
103246
108836
131470
99340
136108
95922
158818
107708
110116
109634
148268
123958
131088
105416
118296
121218
111084
118676
104242
110100
108272
106818
91536
127254
93910
123444
103274
120280
128058
113380
93010
96608
118490
127908
113000
102508
120716
121052
139528
152152
118170
87752
108712
112860
119470
127128
100146
132272
124884
151480
99228
122808
141328
108650
120318
145106
94618
131676
98328
153268
112314
104330
104644
110706
105554
112450
152016
125172
111176
107022
94802
113130
120224
98810
112232
128116
129956
132728
112608
116382
121762
145418
111186
94932
124708
100194
128692
131002
107756
108454
96728
118702
111142
119388
120582
114750
118628
120132
123762
106348
149974
94714
122440
124016
158264
110108
115050
107354
127582
127378
168844
125982
125442
124996
135904
151380
167152
107468
122318
135216
125318
103560
128208
125334
125870
89068
148716
128430
99706
104908
97826
129378
123478
116918
86702
103410
116414
103452
140100
124862
139346
142902
144742
105570
117576
98838
102336
121854
128800
118536
118768
129010
110364
110990
138354
116762
109632
140756
110556
121104
126520
121304
142192
122518
128310
105986
132416
115106
122888
121192
120672
130170
129200
121442
107012
138242
133300
127940
134062
103872
91036
159322
153190
106122
117946
123232
114904
88146
119710
138316
124714
105070
111016
136238
101566
135224
114568
120056
134352
159626
131768
145866
133102
89066
113338
102638
106290
128988
147512
120248
122788
89556
144524
109518
115244
110762
143384
132794
101092
129478
154364
141212
127254
106342
109694
126962
105282
110876
102234
126722
134124
133988
120390
151788
122178
140884
159260
127730
131416
173138
110818
120870
135240
124532
127352
115838
104614
127088
95414
101264
111724
110482
128458
118730
113804
101334
128088
133614
108786
135900
119314
112398
111958
112254
115362
141626
124626
134872
134114
99738
116864
133048
111490
124844
97586
102142
121636
107208
96954
122082
121472
122160
95724
126878
108206
141762
