1867898
1417054
1779058
1702208
1592024
1665484
1522728
1446926
1953460
1674960
2450208
1956942
1744238
1969924
1848086
1874022
1626652
1720364
1586558
1558086
1803042
1465722
1551804
1635232
1587952
1710582
1628876
1975114
1749704
1665822
1814404
1566796
1568396
1685246
2127268
1702046
1782026
1612070
1585742
1455102
1555218
2028012
1805614
1507408
1663680
1860062
1642114
1560126
1951030
1563766
1969338
1771904
2291810
1494154
1727258
1726804
1750224
1582216
1631474
1873252
1923170
1546224
2052634
1594690
1589604
1762062
1939888
1723354
1863168
1453358
1699880
1752746
1490750
1719262
1432838
1616302
1824292
1521720
1940140
1547178
1899630
1915400
1740528
1919016
1857654
1709030
1555572
1644882
1525072
1941016
1733206
1475396
1763462
1788986
1444538
2082886
1779782
1445042
2037584
1508386
1848654
1843064
1402518
1809176
1897588
2029302
1731386
1551420
1654268
1659804
1647608
1595898
1862802
1565192
1914274
1467672
1661194
1754896
1805776
1557248
1650346
1879864
2274022
1463122
1807114
1454366
2116062
1959416
1698874
1706514
1439916
1531266
1553414
2191922
1498734
1779046
1979566
1368268
1602560
1743494
1875556
1655296
1484312
1946308
1524348
1760836
1264500
2026648
2071212
1621290
1477206
1512644
1812286
1776794
1512266
2282394
1690056
1671866
1602372
2087864
1717666
1761882
2045368
1814648
2044694
1963122
1870768
1676426
1968332
1890678
1679068
1530594
1993716
1989660
1560274
1642796
1725850
1563684
2123228
1378816
1550316
1646614
1939336
1495836
1605504
1657948
1684086
1570924
1757774
1489470
1872346
1714134
1574808
1611022
1670264
1725598
1689102
1595902
1838476
1880946
1438344
1489294
1933224
1801768
1642886
1757918
1987778
1877120
1477884
1615662
1882082
1660364
1675336
1640840
1907216
1948182
1759170
1503854
1678076
2062418
1640560
1576234
1575554
2126844
1990792
1805618
1466352
1704214
1691346
1590834
1674840
2077556
1781874
1738450
1500530
1727806
2065840
1618090
1613716
1750408
2076524
1706002
1711440
1669868
1741958
1642242
1648282
1707374
2044600
1607092
1508098
1551740
1743874
1613278
1480042
1743384
2106708
1497166
1761034
1758018
1779342
1725246
1709956
2110342
1470144
1443822
1568006
1486074
1503896
1631018
1821334
1923190
1707968
1840600
1897756
1825872
1988998
1736632
1807754
1663502
1798296
1741092
1782050
1533406
1581390
2115764
1772562
1738874
1795316
1888240
1521414
1541906
1854974
1825122
1614844
1524942
1878732
1847204
1937058
2109264
2157972
1841174
1595810
1812156
1708006
1671044
1852816
1875538
1662036
1678982
1586462
1538742
1805204
1425838
1607800
1645128
1547934
1688118
1489308
1809954
1617476
1523336
1655634
1987352
2047534
1431984
1512982
1589180
1369180
1823024
1548168
1888624
1703414
1335098
1531920
1830016
1702634
1708258
1956970
1806326
1864896
2001776
1720604
1714750
1625636
1819546
1633262
1709978
1580422
1634750
1563494
1704626
1442584
1609782
1776592
1409398
1962478
1750612
1713250
1451450
1561328
1435802
1592058
1547924
1744872
1769204
1492074
1789904
1539940
1597032
1562154
1692974
2200294
1810552
1785414
1480562
1478454
1702620
1812452
1753698
1776238
1680450
1563340
1690196
1341950
1534756
1741192
1714170
1907278
1970660
1729078
1530576
1847122
1740800
1920400
2023110
1743374
1640206
1476546
1732350
1566734
1901392
1573954
2054452
2018346
1569986
1660064
1574414
1570956
1830152
1497920
1839934
1693694
1511804
1875006
1638076
2020242
2081688
2221884
2421550
1625792
1852214
2140680
1467010
1821208
1599774
1505766
1828634
1706042
2275874
1642806
1888332
1679290
1805524
1843358
1840194
1607740
1474170
1817920
1770192
1447356
1493998
1731832
1800736
1813136
1481464
1770348
1689686
1819728
1738940
1630244
1629028
1801726
2101400
1665628
1757616
1701622
2025036
1338786
1578102
1781166
1546948
1810114
2556846
1700366
1678930
1743312
1955320
1534732
1750822
1525026
1592266
1873518
1623450
1702604
1427302
1714182
1379274
1774744
1580306
2018284
1487338
1978466
1513354
1737068
1762672
1603948
1707268
1977028
1974844
1631310
1640596
2181686
1675422
1810026
1796826
1990020
1524642
2097700
1584412
1635010
1724420
1677510
1467522
1718560
1624350
2103310
1679474
2186036
1952660
1583640
1903742
1721928
1609178
1534288
1939734
1943152
2035952
1695400
1552568
1637598
1548272
1756940
1575792
1610408
1669186
1979986
1548978
1439628
2115168
1695640
1753314
1792266
1719764
1486698
1815940
1925728
1887138
1646752
1510390
1667040
1518106
1856490
1886176
1635388
1606638
1995878
1401648
1868698
1539912
1871764
1923214
2021942
1710432
1418322
1996808
1597782
1426540
1728090
1948650
1749470
1862940
1868698
1528060
1679206
1651876
1655698
1637816
1534866
1482026
1682914
1852210
1823686
1523750
2046548
1595128
1638800
2137352
1672244
1686464
1757904
1567052
1504778
1702468
1911108
1739272
1508628
1808128
1877248
1961532
1928412
1820728
1850212
2510076
1516616
1665444
1761858
1579924
1827128
1647716
1877920
1772344
1627468
1791348
1586828
1595786
1806066
2005058
1866414
1490432
1629736
1460566
1389536
1844770
2494492
1677290
1582970
1663814
1602096
1410252
2235086
1447824
1522296
1632518
1908856
2221252
1621028
1727734
1449460
1687594
2370250
1588662
1428650
1421446
2041176
1458962
1756124
2120060
2079478
1644356
1516972
1880506
1960058
1603976
1909304
1664452
1728312
1767850
1611184
1613832
1558556
1674864
1763654
1853816
1716062
1582066
1743678
1527184
1601106
1741972
1761424
1890308
1904022
1688620
1510638
1591862
1546280
2071654
1856700
1573060
1583248
2058196
1894090
1797648
1852170
1934732
1540526
1745458
1382630
1566510
1752672
1848868
1797944
1627666
1656330
1586664
1528834
1615714
1820708
1831238
1531350
1492296
1486376
1581338
1455036
1966152
1557176
1690170
1509020
1654060
1854482
1731970
1820552
1789994
1586718
1551582
1436006
1717562
1801644
1500120
1743888
1532154
1449538
1899358
1646060
1822580
1571528
1451120
1483916
1575566
1522444
1651868
1841396
1624172
1857574
1453292
1914560
2302268
1680340
1958880
1542900
1821338
1778880
2383744
1836430
1384146
1704602
1675422
1834082
1757930
1564088
1923154
1717896
1733834
2035194
1484532
1758770
1995408
2076066
2068106
1678306
1698786
1803932
1725400
1871688
1536484
1669094
1894176
2069814
1704812
1692288
1510254
1737156
1849238
1519664
1517516
1891496
2017064
1518794
1572998
1603268
1532176
1781232
1717958
1858584
1623842
1889326
1528050
1940700
1608740
1314176
1791944
1395604
1565652
2054032
1684966
1796798
1797954
1853456
1572284
2055260
1724924
1877026
1502810
1505438
1651754
1809768
1676460
1921094
1652212
1882780
1715946
2069076
1582194
1446912
1617198
1425642
1653502
1652282
1719642
1747714
1636096
1677710
1626648
1876432
1476392
2097142
1640346
1664594
1679976
1680780
1677710
1563162
1749350
1575090
1903588
1634278
1472446
1774588
1589902
1756104
2187406
1478144
1631424
1889222
1832264
2171594
1546508
1728102
1793418
1478576
2024754
1458780
1521350
1763060
1829656
1499212
1890574
1790190
1811000
1843340
1750984
2071560
1686454
1471682
1501024
1635290
1993462
1546272
1505756
1455632
1582004
1518556
1715712
2100604
1561554
1966248
2020284
1789988
1783606
1454910
1562108
2050844
2331134
1595912
2268994
1687600
1504070
2187486
1555228
1812662
1588492
2012520
1430456
1695136
1481292
1606196
2009926
1307072
1462498
1854188
1872256
1815614
1737668
1841576
1606004
1899984
1482904
1546768
1780630
1461810
1592898
1713446
1674384
1751934
1582434
1701992
1703668
1632542
1472114
1698542
1702504
1940504
1747396
1861302
1781006
1498348
1566498
1761830
1855428
1518274
2130858
1481600
1666896
1793882
1358198
1774710
1511476
1824558
1538278
1558098
1588336
1950750
1418614
1831864
1975390
1736006
1674598
1725468
1629458
1669590
1601994
1446242
1648744
1628986
1666518
1887106
1612424
1655950
1697420
1594122
1482576
1837680
1453982
1855462
1765636
1836716
2050018
1358774
1850976
1669530
1515200
1575100
1776706
1751310
1717486
1823726
1786212
1976656
1630868
1626444
1618476
1636438
1475278
1509490
1533908
1617406
1919740
1920966
1509134
1543688
1924470
1873892
1737128
1734280
1575870
1660702
1671728
2224462
1631044
1697692
1747590
1897852
2293490
2099348
1427226
1643334
1642130
1926392
1634418
