354
248
392
266
370
348
330
186
280
290
236
292
272
364
182
352
302
342
446
252
320
256
328
316
158
198
324
202
266
214
282
246
338
320
218
150
352
268
378
334
304
358
290
268
176
312
288
348
250
336
244
288
288
260
304
330
258
330
188
420
218
312
382
188
388
240
234
296
290
224
344
304
360
254
194
174
282
318
304
210
218
220
336
304
320
216
548
266
380
224
232
320
220
252
192
310
366
230
218
314
218
168
310
206
304
246
330
180
252
344
326
332
194
270
256
224
200
324
340
474
208
302
306
488
252
312
484
406
314
274
264
228
300
132
342
284
204
348
380
274
208
260
202
286
236
222
446
292
308
210
398
210
400
372
350
238
396
270
208
234
180
408
268
224
160
406
442
284
252
170
418
258
166
320
312
352
332
140
318
264
252
248
198
156
400
358
214
184
326
218
262
274
324
324
202
254
250
160
366
350
212
288
250
370
204
268
292
184
310
300
350
170
174
382
278
334
254
324
258
400
376
262
350
292
278
244
282
198
268
464
422
160
272
550
210
274
416
458
166
280
236
204
178
290
252
286
234
150
392
338
314
200
466
374
278
318
182
428
250
216
286
318
318
516
264
218
404
414
422
274
282
356
270
342
216
176
286
300
336
370
262
190
346
302
200
288
306
270
170
306
452
312
548
276
318
384
362
374
298
174
278
344
384
216
212
282
210
366
248
162
402
316
336
238
294
214
304
222
436
248
360
256
400
212
122
346
312
240
186
272
276
260
180
280
214
192
318
208
126
250
552
232
562
372
446
268
260
246
232
206
232
214
334
284
132
212
200
256
202
340
258
322
286
162
274
168
208
382
256
370
194
316
264
208
338
216
242
250
446
244
284
432
300
348
300
204
220
314
314
292
344
368
286
326
344
310
316
272
156
250
276
214
248
372
400
376
268
174
116
232
338
196
268
196
352
368
394
466
282
328
222
398
272
300
284
258
334
172
290
254
332
386
242
260
272
308
234
278
234
216
398
248
192
194
230
236
234
258
332
370
284
236
264
346
202
352
224
188
252
336
276
320
318
470
308
318
360
440
314
258
216
208
260
272
264
218
214
260
228
248
308
208
296
342
146
278
266
172
262
230
314
246
314
228
458
324
354
348
296
378
248
378
294
254
314
302
188
336
246
336
256
266
174
246
416
324
158
338
448
366
220
334
380
270
304
258
304
282
248
266
366
168
412
272
236
438
172
194
262
220
290
252
220
260
314
236
330
236
362
184
302
288
362
244
370
260
376
250
456
254
404
276
218
218
392
252
252
326
386
296
396
210
296
196
294
288
214
384
408
258
330
238
280
394
246
264
272
178
194
250
312
310
312
402
202
324
274
228
304
262
234
152
196
190
316
194
368
434
326
192
194
270
216
300
286
386
304
348
294
356
350
412
270
354
216
282
344
368
290
300
422
332
330
398
230
272
220
236
536
282
418
338
278
298
286
332
284
356
238
262
180
188
416
332
344
276
218
270
354
178
340
212
262
282
304
188
274
312
338
236
298
396
368
330
412
350
308
362
232
272
236
302
292
258
272
284
426
220
290
272
324
278
244
294
286
266
358
190
324
226
270
234
174
180
268
290
416
356
258
296
286
306
330
258
208
316
370
202
386
198
260
190
246
270
298
508
230
306
252
216
284
372
180
164
336
284
238
326
340
288
212
368
370
434
414
188
364
372
352
270
198
258
382
232
462
280
366
244
338
220
238
254
330
230
320
430
238
158
202
240
500
226
324
180
376
288
372
306
262
206
260
260
246
308
316
344
352
514
342
254
222
242
276
264
326
142
110
206
400
204
184
288
214
294
278
298
240
436
252
320
238
300
368
198
274
426
180
424
390
278
198
338
398
346
236
282
474
150
152
248
292
334
152
236
332
488
380
196
274
214
212
474
508
340
280
426
320
192
262
392
258
336
242
152
166
272
354
328
232
236
316
262
220
356
316
198
454
242
330
212
220
496
650
354
246
372
190
232
192
270
444
214
356
382
366
266
168
278
238
236
322
338
328
246
400
314
224
342
390
562
180
244
372
334
376
162
320
278
360
332
302
160
244
220
404
378
206
140
330
220
304
302
304
378
290
292
298
192
188
330
176
340
234
294
378
242
254
210
220
448
206
252
234
438
290
372
320
284
248
216
236
208
192
328
184
466
310
184
298
408
296
248
286
238
252
164
266
340
194
166
212
330
226
178
296
200
288
206
300
224
310
176
234
156
284
268
284
306
328
348
264
366
278
246
238
266
344
358
304
330
