4946
9274
7624
6734
8416
6514
6386
4828
8976
6044
7936
9058
8718
7348
9880
7492
7706
5202
4956
7502
9218
8874
6506
7858
8138
5438
8768
8830
6024
7164
6394
5416
6088
7660
6882
5986
7170
8972
4594
8128
7206
8260
5532
7696
9128
7056
9436
5566
5578
5744
6472
7538
5312
6892
5510
7872
5212
6428
5970
8304
7118
6046
12204
6564
8538
7052
8474
7926
8484
7828
7478
8352
6426
6542
6252
8136
6832
5032
5000
7182
8700
8984
5838
8548
8088
7098
11532
7112
8750
5604
8906
5688
4936
6018
8032
9038
6984
6118
7366
5512
7034
10380
6514
6180
6158
6922
8882
6634
9456
6166
7088
6364
5438
7194
6170
6768
7364
8510
5256
6638
7742
5572
9422
7142
9694
7788
5382
5696
8844
7094
7752
9342
10930
9054
7062
6324
4866
9540
5478
9542
8434
6480
5822
6942
5558
7396
8094
7584
8122
9686
7916
5650
7692
5962
9862
9528
6476
7402
6404
6082
7648
7680
6596
5978
6512
10334
12980
7984
8142
6846
5780
8532
7692
5298
6264
8092
8318
7178
8024
6778
8240
5778
6850
7538
7276
6860
7584
10988
5682
5394
8996
6826
7208
6348
5658
6714
8104
7418
5548
6324
7462
6926
5792
10996
8700
7536
8242
8262
7268
7060
6064
5644
8486
9712
7810
8918
7552
8414
7442
6324
8468
5614
6728
6520
8392
7998
5404
6656
6950
7754
9446
8912
5538
7260
9214
6402
8136
8272
11076
7914
7434
6450
7356
9330
9026
5518
5422
6266
5978
5684
7216
5576
5156
7130
6390
9320
7378
6536
8146
7880
6702
7908
7258
8124
9942
5950
8938
6466
7658
9276
6218
7746
6474
8732
10120
8438
9852
7662
5642
7132
6122
7624
5958
6980
5576
10866
5182
8100
4538
7168
8226
8874
5602
8170
7488
5432
6938
6930
6100
7008
7268
6208
6294
6774
7754
9298
6358
5484
7542
7640
8408
6844
6928
5962
8436
8538
7012
6788
6926
5702
7846
6012
9322
6818
6638
7482
8880
6716
5194
6582
7988
6238
6524
10310
10138
6640
9320
6010
11562
6522
6948
6014
6700
6302
8788
9698
9838
4966
7054
9056
7818
6184
6174
6030
6522
8024
8582
7838
6872
8252
4880
7348
6896
8284
7420
7750
7602
6298
8408
6954
7764
6526
8014
6056
5366
8174
10990
8656
6844
5956
5200
4244
8152
7522
8722
7268
7178
6108
7804
8866
9520
6968
9186
6366
7194
8554
7908
10062
8256
9486
7978
9530
8094
8260
8154
10290
6262
8292
9348
8074
4946
9100
6020
7778
6762
8078
8758
8036
7674
7058
5644
10488
12956
8066
6364
7224
6156
6956
7302
6726
5978
5400
6990
5228
8156
6708
7542
8772
7876
5730
8876
7152
8390
7294
4584
5484
7680
8602
7370
7960
6248
7254
6114
7370
8310
7100
6790
7612
9350
9364
7180
8334
6586
6196
6080
8138
7320
7040
6350
4752
7868
6470
6738
5612
7456
7902
7030
8344
8928
8032
7500
7038
6150
5214
6342
7240
7348
7680
7994
6506
6800
7932
6902
7692
6446
7528
8316
6046
7028
6436
5412
7964
7964
6924
7922
6774
10538
8014
7032
7074
5998
7218
6396
9042
6082
6390
7656
6844
7230
7480
7058
6148
8344
7220
8074
5634
8784
8708
5680
6522
7256
7068
7446
6226
6882
6838
5608
4894
7244
7044
5614
5664
7340
7254
8484
9016
7452
11474
7076
6400
8496
4992
7466
7182
8742
8986
5910
6854
6258
7798
8706
8612
6472
7340
5372
7242
5384
6642
6716
5444
6442
6702
5730
5834
6008
7136
5210
8244
8516
7260
5400
8334
7442
7966
6954
6676
7380
8930
6290
6566
5900
7692
7426
7046
9096
8122
5976
5886
7848
8212
6706
3712
11246
7746
7500
9178
6764
7154
6826
6508
6238
7180
9032
7466
5176
6082
5782
5692
5378
8848
6022
5638
8676
6146
8380
7394
10448
9730
6694
6982
6948
6276
11728
6978
8162
7392
7936
6334
7224
7962
9544
7450
5992
5034
8700
8272
6896
8144
6538
7006
8938
9072
7226
5560
6882
6392
6908
9038
8574
6594
5776
6292
10846
9492
5348
6048
5530
7454
6130
8434
6810
6184
7992
7490
6688
7610
6900
8046
7802
7880
6852
6844
6706
8010
8278
9042
5886
7256
7128
6818
6780
6734
7464
8522
9110
6888
7910
10316
6406
6898
5764
8704
4814
6318
9666
6532
8232
6304
5434
8760
7684
6640
7268
9252
6664
7448
9894
7806
5468
7772
10256
5866
10080
8350
8600
7560
7204
5910
9008
9352
5926
5356
8546
5880
6164
4632
8796
8978
6906
7204
6388
5818
6950
6466
8886
6702
7804
4532
9250
6922
5662
4982
9920
7094
7718
8074
7032
7690
6672
8448
5510
6452
6592
7614
7404
6220
5996
6974
7986
7014
6054
9664
8552
7398
6098
9324
5588
7720
5082
6318
8994
6778
7276
6250
6440
10530
8330
6274
4856
8468
8608
9204
6544
8024
7668
5966
7750
7622
6800
10020
6228
7976
5354
7728
6482
10778
8488
7906
6290
8974
6896
5408
5394
5704
7410
7840
10102
6640
5668
6044
5242
7638
6266
7824
7792
7238
7326
6710
7940
6148
6468
5206
8464
6546
5242
9126
5670
7912
6230
6566
8100
8846
7532
8964
10300
7410
8602
7080
6174
6918
11602
6488
6462
7222
9192
6670
7608
7730
7620
5872
7472
7588
11092
6012
6462
7932
9072
6426
6840
7238
9966
7242
7310
6114
6242
6496
5436
5274
7368
12244
5808
8056
7086
7014
7206
7134
8086
5938
9106
6202
6238
6596
7732
6436
8188
7872
10138
5968
6412
5590
8526
5766
6050
5702
7108
7664
7322
5850
7704
9864
6524
6544
7590
7530
7630
5220
7056
9254
9062
7776
8706
10844
13234
9582
6516
6980
6450
10528
6244
10038
7186
6246
6972
6746
6660
8892
7792
6176
8496
6636
10568
6074
6464
6264
7658
6972
6730
5620
7706
6344
6948
5854
6128
7144
7090
7130
8810
9406
6412
5040
7376
6536
7472
5964
5012
6640
5990
7858
7250
7074
6694
8754
8580
8460
9094
6542
5060
8732
8948
8414
8830
8774
4688
6348
9104
6612
6692
8252
6052
9528
5412
6380
8198
9930
5914
6780
8424
7348
5488
6156
